x	y
579.874	13361.832
579.517	13434.738
579.277	13763.636
579.021	13722.911
578.834	13855.508
578.517	13965.764
578.243	14098.590
578.035	14099.143
577.690	14336.641
577.312	14451.990
577.150	14579.586
576.901	14580.250
576.752	14639.789
576.475	14758.818
576.229	15011.838
576.018	15141.522
575.835	15321.419
575.631	15321.962
575.452	15448.612
575.170	15149.696
574.986	15332.553
574.809	15393.148
574.744	15519.496
574.527	15700.475
574.399	16304.092
574.271	16504.533
574.146	16986.900
574.045	17195.166
573.869	17365.188
573.780	17653.262
573.720	17999.420
573.572	18163.449
573.417	18506.906
573.295	18851.262
573.166	19375.035
572.961	19743.262
572.840	20029.457
572.813	19763.377
572.445	20139.930
572.165	20140.676
571.984	19518.160
571.813	18879.857
571.812	18654.113
571.665	18654.504
571.397	18655.217
571.292	18822.086
571.262	19243.082
571.171	19527.223
571.104	19996.623
571.038	20275.764
570.869	20650.793
570.839	21075.734
570.647	21709.098
570.561	22000.129
570.440	21719.512
570.258	21546.504
570.062	21041.328
569.913	20679.957
569.703	20912.168
569.612	21261.375
569.554	21613.434
569.464	21613.676
569.404	21834.641
569.325	22138.475
569.208	23308.867
569.208	23087.070
569.207	22538.004
569.171	23477.527
569.015	25666.312
569.014	25135.984
569.013	24406.527
569.013	24004.340
568.914	26710.502
568.914	26124.957
568.887	28287.768
568.887	27945.715
568.886	27461.705
568.859	29106.012
568.859	28514.572
568.751	30459.746
568.750	29514.406
568.686	33823.297
568.685	32909.508
568.683	31174.590
568.650	35524.801
568.649	34607.062
568.554	39208.812
568.552	37587.258
568.513	36221.113
568.470	42029.281
568.463	41221.957
568.462	40705.422
568.461	39917.809
568.409	43608.609
568.408	42632.730
568.384	46589.582
568.383	45463.875
568.382	44935.504
568.265	48384.961
568.265	47983.754
568.264	47702.824
568.264	47103.488
568.207	48612.812
568.053	48507.758
568.052	47811.809
567.978	47007.641
567.977	46084.980
567.974	44476.250
567.972	43568.367
567.913	45151.652
567.897	42558.176
567.897	41867.168
567.867	40935.707
567.866	40308.773
567.835	39666.152
567.831	39281.719
567.801	38585.859
567.800	37621.781
567.799	36804.609
567.798	35760.691
567.797	34930.699
567.746	34497.102
567.745	33848.477
567.713	33220.641
567.684	29544.854
567.650	32520.924
567.649	31799.365
567.647	30670.668
567.589	28089.150
567.557	29144.969
567.556	28751.652
567.522	27113.424
567.518	26672.805
567.493	27568.920
567.460	26114.039
567.459	25568.922
567.458	24996.197
567.362	24612.027
567.331	24223.707
567.244	24081.986
567.243	23516.176
567.144	23272.965
567.144	22911.191
567.085	22614.637
567.084	21915.738
566.948	20976.688
566.942	20542.973
566.942	20259.070
566.870	18497.727
566.852	20019.777
566.851	19320.879
566.850	19078.379
566.770	18078.059
566.642	17568.762
566.642	17116.305
566.519	16827.801
566.519	16493.637
566.518	15856.845
566.458	15683.510
566.458	15344.413
566.458	15344.413
566.458	15108.818
566.367	14822.207
566.178	14514.168
566.178	14456.990
566.150	14514.242
566.028	15114.888
566.027	14886.201
565.932	15794.340
565.931	15682.946
565.931	15338.917
565.931	15115.146
565.811	16489.613
565.811	16381.177
565.811	16097.280
565.783	16489.680
565.716	17238.047
565.716	17238.047
565.715	16653.508
565.681	16935.514
565.641	17455.113
565.525	17653.559
565.437	17767.162
565.259	17721.297
565.165	17316.398
565.165	17205.996
565.164	16713.125
565.095	16213.529
565.065	15591.605
564.991	15087.099
564.990	14443.400
564.902	14182.408
564.901	13494.355
564.735	13311.449
564.734	12693.387
564.733	11764.811
564.733	11482.896
564.686	11502.725
564.565	10763.732
564.527	10329.117
564.428	9706.387
564.285	9055.186
564.036	8594.518
563.701	8106.475
563.576	7943.170
563.271	7943.982
562.905	7495.454
562.525	7440.283
562.245	7307.948
561.975	7308.658
561.726	7309.330
561.482	7309.980
561.164	7255.624
560.888	7256.359
560.532	7257.307
560.335	7178.977
560.150	7179.471
