x	y
582.956	2894.249
582.717	2894.401
582.544	2920.196
582.356	2946.514
582.272	2930.649
581.871	2904.614
581.593	2914.414
581.562	2933.895
581.241	2944.971
580.897	2950.084
580.331	2956.444
580.168	2982.874
579.864	3002.396
579.480	3033.516
579.296	3053.674
579.043	3069.436
578.660	3088.431
578.403	3140.663
578.133	3217.222
577.980	3230.447
577.739	3257.966
577.472	3249.520
577.252	3277.689
576.890	3319.622
576.754	3354.052
576.471	3386.889
576.298	3408.123
576.110	3433.248
575.790	3475.712
575.622	3482.666
575.255	3505.662
574.935	3509.713
574.504	3510.549
574.298	3529.633
573.900	3579.577
573.533	3605.940
573.439	3653.047
573.121	3699.438
572.896	3757.284
572.718	3799.111
572.541	3883.008
572.349	3921.335
572.258	3987.032
572.087	4026.934
571.695	4085.229
571.676	4146.739
571.520	4206.923
571.207	4259.490
571.060	4284.839
570.866	4342.681
570.842	4397.956
570.680	4442.668
570.581	4469.550
570.402	4464.534
570.327	4406.079
570.080	4379.463
569.897	4357.416
569.776	4292.116
569.624	4218.201
569.371	4105.501
569.363	4021.229
569.249	3944.843
569.075	3882.169
568.914	3700.751
568.895	3783.450
568.835	3657.712
568.645	3611.688
568.571	3567.416
568.476	3523.148
568.374	3459.674
568.248	3438.658
568.227	3407.966
568.120	3343.569
568.104	3310.662
567.956	3248.927
567.867	3214.338
567.751	3178.657
567.648	3141.068
567.627	3102.177
567.495	3074.426
567.345	3050.065
567.324	3024.010
567.256	3003.005
567.062	2973.032
567.014	2938.417
566.887	2881.317
566.803	2863.105
566.745	2830.821
566.715	2804.979
566.576	2756.618
566.475	2722.993
566.302	2674.330
566.254	2641.312
566.159	2617.559
566.111	2586.255
565.937	2566.959
565.848	2563.009
565.617	2552.305
565.523	2523.394
565.444	2487.110
565.266	2470.297
565.069	2434.743
565.037	2414.811
564.713	2374.830
564.655	2340.178
564.544	2315.735
564.470	2307.798
564.391	2307.810
564.102	2276.119
563.876	2254.637
563.657	2231.500
563.599	2212.187
563.404	2208.791
563.203	2197.486
563.156	2195.819
