x	y
582.938	3497.436
582.826	3489.050
582.686	3484.012
582.549	3476.579
582.409	3468.394
582.363	3472.248
582.282	3477.417
582.174	3477.441
582.009	3466.423
581.936	3464.906
581.875	3472.941
581.743	3472.970
581.637	3472.994
581.566	3454.573
581.394	3441.856
581.216	3441.896
581.084	3441.925
581.012	3450.295
580.967	3460.610
580.740	3442.225
580.592	3442.258
580.506	3442.276
580.390	3444.334
580.301	3450.120
580.237	3468.709
580.206	3484.201
580.112	3486.254
580.051	3474.933
579.994	3459.406
579.993	3447.542
579.929	3447.557
579.802	3474.237
579.761	3460.042
579.633	3467.034
579.428	3477.941
579.331	3460.222
579.169	3469.587
579.087	3467.963
578.954	3456.518
578.766	3471.292
578.576	3471.335
578.502	3471.351
578.374	3472.131
578.233	3482.522
578.103	3478.541
578.023	3478.559
577.862	3467.844
577.729	3475.644
577.599	3497.730
577.538	3496.211
577.386	3496.245
577.375	3513.514
577.203	3517.619
577.132	3524.542
576.987	3531.285
576.936	3532.856
576.881	3548.798
576.785	3565.864
576.668	3570.679
576.614	3575.927
576.510	3589.819
576.390	3598.424
576.306	3601.841
576.204	3614.340
576.082	3627.902
576.003	3655.463
575.920	3676.590
575.852	3676.605
575.812	3676.615
575.682	3678.676
575.550	3693.160
575.527	3706.450
575.408	3706.476
575.346	3706.490
575.267	3722.548
575.135	3725.975
575.078	3725.988
574.948	3742.783
574.917	3754.347
574.813	3772.222
574.718	3781.378
574.607	3800.646
574.457	3817.167
574.380	3818.771
574.263	3831.218
574.208	3839.584
574.108	3852.084
573.985	3868.153
573.890	3868.173
573.737	3868.207
573.508	3868.259
573.410	3859.925
573.236	3852.918
573.084	3858.689
572.928	3860.505
572.758	3866.003
572.567	3866.045
572.412	3866.079
572.315	3867.744
572.162	3876.606
572.065	3881.417
571.896	3892.484
571.804	3907.933
571.731	3931.649
571.651	3956.675
571.580	3982.981
571.535	4019.473
571.471	4041.406
571.427	4061.522
571.333	4098.250
571.310	4124.795
571.238	4164.079
571.203	4222.182
571.203	4207.281
571.150	4279.090
571.150	4258.871
571.130	4304.549
571.108	4326.499
571.063	4381.958
571.062	4345.113
571.052	4404.156
571.018	4445.104
571.017	4417.978
570.985	4476.107
570.985	4469.729
570.893	4550.347
570.893	4530.657
570.892	4501.388
570.845	4657.383
570.845	4608.813
570.844	4588.928
570.747	4699.347
570.737	4746.388
570.737	4727.812
570.701	4859.354
570.700	4834.679
570.689	4812.707
570.689	4778.869
570.669	4914.223
570.669	4879.439
570.651	4931.467
570.640	4989.953
570.639	4967.089
570.615	5137.116
570.603	5108.100
570.603	5064.181
570.602	5033.213
570.579	5003.613
570.573	5185.696
570.572	5150.828
570.563	5216.917
570.528	5226.115
570.491	5251.300
570.467	5289.292
570.456	5364.850
570.455	5340.288
570.455	5330.874
570.405	5379.510
570.394	5472.279
570.394	5457.353
570.393	5420.312
570.393	5404.104
570.309	5534.181
570.309	5522.373
570.309	5503.658
570.308	5482.854
570.225	5597.445
570.225	5587.141
570.225	5568.982
570.224	5558.066
570.200	5635.940
570.200	5617.614
570.120	5701.237
570.119	5691.238
570.119	5667.817
570.119	5649.354
570.059	5721.970
570.050	5746.787
570.017	5759.020
569.926	5774.302
569.874	5786.065
569.834	5779.084
569.833	5757.556
569.768	5752.280
569.768	5743.981
569.768	5729.610
569.768	5718.080
569.767	5711.703
569.694	5693.700
569.694	5693.700
569.694	5672.089
569.693	5652.288
569.603	5610.701
569.603	5599.700
569.603	5631.171
569.603	5577.783
569.592	5565.977
569.582	5541.360
569.570	5524.904
569.560	5514.155
569.506	5503.891
569.506	5491.276
569.506	5469.554
569.505	5449.195
569.505	5424.130
569.505	5403.243
569.410	5328.320
569.410	5316.067
569.409	5291.477
569.398	5388.590
569.398	5368.512
569.397	5353.861
569.367	5281.682
569.367	5265.307
569.367	5245.339
569.345	5223.286
569.290	5208.176
569.289	5186.482
569.289	5164.676
569.289	5140.558
569.231	5058.888
569.222	5108.657
569.222	5091.501
569.167	5050.825
569.154	5029.942
569.154	5015.098
569.153	4990.229
569.143	4968.479
569.067	4950.951
569.067	4933.267
569.057	4907.230
569.001	4892.064
569.000	4868.225
569.000	4851.014
569.000	4830.126
568.925	4825.297
568.925	4807.056
568.924	4775.698
568.857	4756.162
568.857	4735.915
568.857	4708.706
568.803	4692.008
568.802	4680.062
568.802	4659.675
568.802	4634.694
568.802	4622.245
568.754	4608.749
568.753	4573.938
568.742	4560.154
568.714	4536.153
568.677	4518.812
568.676	4497.619
568.655	4466.265
568.597	4444.693
568.597	4425.032
568.597	4394.872
568.596	4370.225
568.516	4349.243
568.516	4332.032
568.493	4291.767
568.466	4269.438
568.442	4238.753
568.389	4228.181
568.389	4215.259
568.389	4199.497
568.389	4182.480
568.304	4167.015
568.304	4155.457
568.291	4135.909
568.270	4110.459
568.246	4089.772
568.184	4010.999
568.179	4066.087
568.125	3935.400
568.112	3977.791
568.059	3920.935
568.059	3895.369
567.982	3878.396
567.981	3841.384
567.905	3827.421
567.905	3795.840
567.830	3781.932
567.767	3758.246
567.766	3732.290
567.713	3709.967
567.645	3690.542
567.632	3671.830
567.567	3653.547
567.510	3616.604
567.422	3591.503
567.380	3557.592
567.305	3504.026
567.235	3450.041
567.148	3410.681
567.021	3359.772
566.962	3329.263
566.899	3282.740
566.827	3242.819
566.759	3201.004
566.698	3172.306
566.615	3148.957
566.544	3125.022
566.483	3098.718
566.415	3061.108
566.339	3027.873
566.287	3002.486
566.206	2988.941
566.139	2976.256
566.058	2951.488
565.974	2931.984
565.932	2927.092
565.826	2915.503
565.792	2885.237
565.717	2852.669
565.588	2840.556
565.539	2824.052
565.455	2804.020
565.384	2785.599
565.338	2773.382
565.172	2745.904
565.102	2728.375
565.041	2723.431
564.934	2710.504
564.819	2699.501
564.718	2682.619
564.682	2670.568
564.624	2658.271
564.561	2641.186
564.459	2628.341
564.303	2591.197
564.237	2567.595
564.163	2554.578
564.032	2530.462
563.991	2518.050
563.902	2485.486
563.785	2471.810
563.715	2452.135
563.650	2435.078
563.563	2425.043
563.563	2411.453
563.466	2386.298
563.376	2368.133
563.316	2351.241
563.198	2336.424
563.118	2322.071
