x	y
582.351	2210.317
582.190	2214.819
582.068	2203.278
581.899	2207.803
581.801	2223.053
581.707	2243.602
581.514	2255.893
581.333	2255.926
581.173	2255.954
580.867	2256.009
580.606	2256.056
580.361	2256.100
580.174	2256.133
579.999	2276.473
579.918	2313.773
579.778	2333.615
579.511	2305.838
579.375	2319.305
579.034	2334.978
578.807	2340.990
578.463	2341.052
578.312	2350.138
578.142	2362.358
578.009	2378.508
577.765	2396.377
577.627	2396.402
577.459	2399.474
577.330	2415.802
577.189	2442.198
577.044	2455.286
576.868	2482.761
576.758	2503.604
576.656	2527.710
576.544	2527.730
576.413	2550.255
576.343	2563.061
576.264	2581.013
576.174	2600.465
576.081	2618.688
576.013	2633.306
575.880	2655.360
575.817	2670.872
575.751	2681.374
575.563	2697.019
575.509	2713.155
575.403	2730.508
575.246	2750.822
575.129	2779.719
575.025	2807.293
574.794	2828.851
574.657	2838.314
574.466	2851.320
574.336	2851.344
574.229	2849.953
574.074	2851.614
573.948	2873.288
573.848	2887.106
573.781	2903.110
573.664	2928.539
573.544	2921.985
573.428	2922.006
573.382	2934.449
573.296	2953.521
573.221	2953.535
573.043	2953.566
572.890	2970.637
572.712	2971.966
572.478	2978.540
572.394	2967.304
572.290	2937.776
572.164	2910.422
571.930	2900.399
571.840	2887.600
571.774	2869.540
571.544	2852.269
571.357	2852.302
571.121	2857.601
570.947	2870.090
570.893	2885.711
570.846	2916.563
570.811	2950.231
570.751	2975.158
570.664	2997.495
570.610	3018.239
570.494	3103.208
570.493	3062.121
570.450	3122.115
570.390	3206.962
570.389	3153.618
570.353	3238.908
570.275	3260.281
570.251	3284.039
570.207	3327.035
570.174	3361.106
570.110	3397.037
570.048	3443.638
570.011	3467.241
570.002	3494.217
569.981	3528.509
569.922	3553.592
569.912	3609.576
569.912	3581.641
569.900	3637.604
569.866	3691.782
569.866	3677.512
569.865	3653.558
569.822	3730.125
569.822	3712.658
569.799	3751.870
569.731	3837.009
569.731	3813.032
569.730	3791.337
569.730	3773.399
569.665	3875.245
569.664	3857.576
569.653	3927.719
569.653	3907.254
569.599	3989.885
569.598	3966.624
569.598	3951.146
569.541	4024.340
569.541	4015.438
569.521	4046.397
569.452	4143.502
569.451	4102.146
569.451	4079.333
569.393	4252.393
569.393	4234.679
569.379	4204.777
569.379	4174.358
569.337	4317.824
569.337	4297.225
569.337	4276.536
569.285	4335.414
569.206	4405.703
569.206	4380.586
569.205	4351.106
569.194	4423.890
569.138	4455.548
569.138	4437.633
569.126	4487.400
569.060	4520.827
569.060	4505.551
568.985	4536.340
568.920	4530.917
568.854	4522.989
568.759	4506.679
568.693	4486.695
568.629	4467.561
568.628	4438.820
568.561	4410.248
568.560	4390.476
568.549	4354.981
568.518	4334.544
568.507	4308.444
568.466	4269.423
568.432	4247.264
568.432	4208.413
568.421	4180.524
568.355	4153.584
568.355	4128.601
568.344	4112.142
568.287	4079.519
568.286	4059.970
568.275	4013.764
568.233	3985.746
568.232	3949.266
568.187	3918.968
568.166	3866.388
568.092	3792.055
568.029	3751.471
567.970	3673.065
567.909	3561.132
567.812	3477.319
567.740	3403.031
567.693	3334.665
567.629	3265.185
567.558	3201.654
567.469	3157.876
567.421	3111.989
567.348	3049.040
567.286	2976.740
567.203	2925.021
567.145	2889.335
567.083	2854.186
566.995	2821.859
566.935	2792.414
566.869	2757.333
566.803	2723.079
566.729	2703.052
566.667	2688.592
566.606	2652.481
566.544	2622.499
566.466	2608.690
566.399	2594.321
566.328	2580.265
566.271	2563.746
566.210	2545.618
566.117	2521.501
566.064	2499.144
565.996	2475.090
565.930	2455.531
565.862	2424.745
565.785	2400.290
565.716	2383.661
565.643	2354.575
565.591	2315.712
565.525	2289.913
565.436	2262.888
565.390	2238.852
565.321	2217.527
565.240	2204.032
565.175	2173.894
565.096	2149.014
565.032	2123.617
564.952	2106.186
564.819	2085.878
564.697	2066.128
564.641	2046.836
564.565	2031.372
564.505	2015.793
564.432	1994.379
564.320	1983.193
564.219	1994.417
564.120	1976.832
564.096	1957.400
564.011	1936.212
563.920	1915.204
563.766	1902.885
563.702	1886.793
563.567	1871.004
563.473	1851.428
563.368	1830.467
563.234	1820.157
563.203	1811.820
563.076	1805.267
