x	y
580	11970.3
579.9	12000.9
579.8	12083.7
579.7	12060.6
579.6	12041.7
579.5	12128
579.4	12111.4
579.3	12168
579.2	12182
579.1	12258
579	12306.3
578.9	12307.1
578.8	12301.7
578.7	12428.6
578.6	12483.4
578.5	12423.1
578.4	12518
578.3	12534
578.2	12606.3
578.1	12708.6
578	12629.4
577.9	12762.9
577.8	12782
577.7	12848.9
577.6	12928.6
577.5	12898
577.4	12921.1
577.3	13118.6
577.2	13242.6
577.1	13182.9
577	13235.1
576.9	13382.9
576.8	13493.4
576.7	13578
576.6	13717.1
576.5	13755.1
576.4	13855.4
576.3	13999.7
576.2	14063.1
576.1	14272.3
576	14377.4
575.9	14535.1
575.8	14618.6
575.7	14559.4
575.6	14798.6
575.5	14964.3
575.4	14990
575.3	15028.9
575.2	15168.9
575.1	15184.3
575	15324.9
574.9	15290
574.8	15406.9
574.7	15342.6
574.6	15403.1
574.5	15480
574.4	15519.4
574.3	15484.3
574.2	15603.1
574.1	15636.9
574	15614
573.9	15656.6
573.8	15546.6
573.7	15748.3
573.6	15827.4
573.5	15989.1
573.4	15964
573.3	16081.1
573.2	16083.1
573.1	16111.4
573	16337.4
572.9	16410.6
572.8	16433.4
572.7	16528.9
572.6	16543.4
572.5	16647.1
572.4	16665.4
572.3	16739.4
572.2	16947.7
572.1	17008
572	17136.9
571.9	17276.6
571.8	17454.9
571.7	17548.6
571.6	17834
571.5	18118.6
571.4	18233.4
571.3	18476.9
571.2	18746.9
571.1	19181.1
571	19332
570.9	19741.7
570.8	20054.9
570.7	20360.9
570.6	20602.3
570.5	20859.7
570.4	21116.3
570.3	21301.7
570.2	21640.3
570.1	21743.1
570	21897.1
569.9	22149.4
569.8	22067.7
569.7	22227.4
569.6	22505.7
569.5	22658.9
569.4	22543.4
569.3	22540
569.2	22581.7
569.1	22393.4
569	22120.9
568.9	21766.9
568.8	21411.4
568.7	20991.7
568.6	20230.6
568.5	19557.1
568.4	18906
568.3	18191.1
568.2	17520.6
568.1	17072
568	16522.9
567.9	15949.1
567.8	15533.4
567.7	15071.7
567.6	14640.3
567.5	14183.7
567.4	13983.1
567.3	13708.6
567.2	13474
567.1	13169.1
567	12968
566.9	12794.9
566.8	12619.1
566.7	12414.6
566.6	12230
566.5	12045.4
566.4	11912.6
566.3	11830.3
566.2	11638
566.1	11524.9
566	11257.4
565.9	11117.4
565.8	10968.9
565.7	10753.1
565.6	10622
565.5	10538.9
565.4	10455.4
565.3	10187.7
565.2	10070.3
565.1	10025.7
565	9828.29
564.9	9710.57
564.8	9528.29
564.7	9464.86
564.6	9378.86
564.5	9287.14
564.4	9194
564.3	8994.57
564.2	8945.43
564.1	8827.71
564	8862.29
563.9	8740.29
563.8	8630.29
563.7	8563.14
563.6	8490
563.5	8453.14
563.4	8424.57
563.3	8361.14
563.2	8219.71
563.1	8219.43
563	8220
562.9	8101.71
562.8	8001.71
562.7	7977.43
562.6	7932.86
562.5	7948.57
562.4	7851.14
562.3	7860.57
562.2	7868.29
562.1	7720.57
562	7642.29
561.9	7700.57
561.8	7640.86
561.7	7597.14
561.6	7555.71
561.5	7612
561.4	7601.43
561.3	7552.29
561.2	7537.14
561.1	7525.43
561	7500.29
560.9	7518
560.8	7398.29
560.7	7346.86
560.6	7336
560.5	7310.29
560.4	7298.29
560.3	7260
560.2	7188.57
560.1	7160.86
560	7119.14